library(spatstat)
w3=owin(poly=list(x=c(7.635,5.833,5.276,5.279,6.16,8.249,8.423,9.585,8.119,7.493,6.823,7.63,
8.039,8.312,9.199,9.744,10.086,10.904,10.904,11.109,12.268,13.109,12.2,11.757,
11.439,10.633,9.941,9.378,8.951,8.667,8.533,8.636,8.352,8.397,8.622,8.984,9.47,8.141,5.754,
4.696,4.696,5.447,7.084,7.63,9.881,8.517,8.392,6.629,5.788,5.276,5.276,6.061,8.175,8.092,10.267,5.652,
4.696,4.696,5.532,8.642,7.63),
y=c(-18.328,-21.469,-22.961,-24.479,-22.736,-19.837,-20.94,-21.707,-21.821,-22.253,-22.958,
-23.72,-22.969,-24.402,-25.152,-24.675,-24.538,-23.447,-21.469,-23.1,-20.036,-18.808,-17.239,
-13.248,-10.856,-10.32,-9.07,-8.019,-6.899,-5.58,-4.678,-2.095,-4.685,-5.611,-6.988,-8.182,-9.272,
-7.109,-6.836,-7.966,-9.735,-8.576,-8.166,-10.895,-12.532,-11.918,-12.532,-12.089,-13.123,-14.162,
-15.491,-14.161,-14.999,-16.083,-17.557,-15.625,-16.483,-18.16,-17.051,-18.638,-17.717)))
plot(w3)
